5.843607221929867554e+10
3.717742810634834427e+01
0.000000000000000000e+00
3.717742810634834427e+01
2.051462003650175029e+04
4.438872458363814530e+02
3.203675049333602374e+02
6.386543678784590128e+01
1.033069501307157225e+03
0.000000000000000000e+00
2.051462003650175029e+04
4.438872458363814530e+02
4.438872458363814530e+02
0.000000000000000000e+00
3.203675049333602374e+02
0.000000000000000000e+00
6.386543678784590128e+01
0.000000000000000000e+00
1.033069501307157225e+03
2.312632177329452991e+09
4.150577222857988358e+09
1.958769424801460002e+06
1.588728931227470016e+10
0.000000000000000000e+00
5.843607221929867554e+10
0.000000000000000000e+00
2.312632177329452991e+09
0.000000000000000000e+00
4.150577222857988358e+09
0.000000000000000000e+00
1.958769424801460002e+06
0.000000000000000000e+00
1.588728931227470016e+10
1.408713539419645532e-08
0.000000000000000000e+00
1.408713539419645532e-08
1.175713023247143485e-05
0.000000000000000000e+00
1.175713023247143485e-05
