1.358462567240714264e+11
2.391763187570206384e+01
1.000000000000000000e+00
2.391763187570206384e+01
3.216060944993420708e+04
4.568940435668824875e+02
2.189679978000107781e+02
9.890399513828803890e+00
4.969951861121093657e+02
1.000000000000000000e+00
3.216060944993420708e+04
4.568940435668824875e+02
4.568940435668824875e+02
1.000000000000000000e+00
2.189679978000107781e+02
1.000000000000000000e+00
9.890399513828803890e+00
1.000000000000000000e+00
4.969951861121093657e+02
5.636105554748567581e+09
2.175866043653520203e+10
3.590802319462004304e+07
1.126926323427742310e+11
1.000000000000000000e+00
1.358462567240714264e+11
1.000000000000000000e+00
5.636105554748567581e+09
1.000000000000000000e+00
2.175866043653520203e+10
1.000000000000000000e+00
3.590802319462004304e+07
1.000000000000000000e+00
1.126926323427742310e+11
3.726871771615973303e-08
1.000000000000000000e+00
3.726871771615973303e-08
4.886118448503407296e-05
1.000000000000000000e+00
4.886118448503407296e-05
