-8.312050948167332143e-02
2.860141997035504646e-01
0.000000000000000000e+00
2.860141997035504646e-01
5.447176499841367703e-02
-1.027441164265757712e-02
-1.044139701220658974e-02
2.089032264199273126e-01
-1.501342995813537140e-01
0.000000000000000000e+00
5.447176499841367703e-02
-1.027441164265757712e-02
-1.027441164265757712e-02
0.000000000000000000e+00
-1.044139701220658974e-02
0.000000000000000000e+00
2.089032264199273126e-01
0.000000000000000000e+00
-1.501342995813537140e-01
-6.843152235438357267e-02
-1.842955549776954111e-02
-4.464538960996524211e-03
-9.348636202887778204e-03
0.000000000000000000e+00
-8.312050948167332143e-02
0.000000000000000000e+00
-6.843152235438357267e-02
0.000000000000000000e+00
-1.842955549776954111e-02
0.000000000000000000e+00
-4.464538960996524211e-03
0.000000000000000000e+00
-9.348636202887778204e-03
1.012509731586642842e-01
0.000000000000000000e+00
1.012509731586642842e-01
1.637532437881913938e-01
0.000000000000000000e+00
1.637532437881913938e-01
