5.799398723713471222e+10
3.719927983031618623e+01
0.000000000000000000e+00
3.719927983031618623e+01
2.041365318403788115e+04
4.407202304938573434e+02
3.192520158445240668e+02
6.386962955655305052e+01
1.029051595718443195e+03
0.000000000000000000e+00
2.041365318403788115e+04
4.407202304938573434e+02
4.407202304938573434e+02
0.000000000000000000e+00
3.192520158445240668e+02
0.000000000000000000e+00
6.386962955655305052e+01
0.000000000000000000e+00
1.029051595718443195e+03
2.292511926848517895e+09
4.078074860109505177e+09
1.941076801164109958e+06
1.555828499834070015e+10
0.000000000000000000e+00
5.799398723713471222e+10
0.000000000000000000e+00
2.292511926848517895e+09
0.000000000000000000e+00
4.078074860109505177e+09
0.000000000000000000e+00
1.941076801164109958e+06
0.000000000000000000e+00
1.555828499834070015e+10
1.410058581010178308e-08
0.000000000000000000e+00
1.410058581010178308e-08
1.185016562675389753e-05
0.000000000000000000e+00
1.185016562675389753e-05
