1.310968991312693634e+11
2.394647728691958122e+01
1.000000000000000000e+00
2.394647728691958122e+01
3.226951251711997611e+04
4.566799188625398074e+02
2.198712504505439540e+02
9.508589815016325275e+00
4.991485678186774066e+02
1.000000000000000000e+00
3.226951251711997611e+04
4.566799188625398074e+02
4.566799188625398074e+02
1.000000000000000000e+00
2.198712504505439540e+02
1.000000000000000000e+00
9.508589815016325275e+00
1.000000000000000000e+00
4.991485678186774066e+02
5.393010744608974457e+09
2.103081085523544312e+10
3.583268833986225724e+07
1.094673695472787933e+11
1.000000000000000000e+00
1.310968991312693634e+11
1.000000000000000000e+00
5.393010744608974457e+09
1.000000000000000000e+00
2.103081085523544312e+10
1.000000000000000000e+00
3.583268833986225724e+07
1.000000000000000000e+00
1.094673695472787933e+11
3.779746001835835913e-08
1.000000000000000000e+00
3.779746001835835913e-08
5.042721686895979206e-05
1.000000000000000000e+00
5.042721686895979206e-05
